no advance
108
1000001001100010
1000001101100000
0000000000000000
0000100000001000
0000008000000000
0000000000000000

no heart
140
1001000100100100
1000001001100101
0000100000001000
0000000000000000
0008000800000088
0010000000100000

x
149
1000000100100000
0000000000000000
0000000101000001
0000100000001000
0000000000000000
0000000000000000

savage mode
143
1000000100100000
1000001000100000
0000100001001000
0000000000000000
4000004000600040
0000000000000000

bad guy
147
1000001000100100
1000000000000010
0100000000000001
0000100100001000
4000000000006000
1000000010000000

real
156
1000001000100100
1000001001100100
0000100100001000
0000000000000000
0000000000000000
0000001000000010

mad high
150
1001001000001010
0000000000000000
0000000101000000
0000100000001000
0000000000000000
0000100000000010

feel it
150
1000000101100101
1000000100100001
0000100001000000
0000100000001000
6000000004000000
0000000000100010

ocean drive
138
1000000101100101
1000000000000010
0000100001001000
0000000000000000
0000000000004000
0010000000100000

rap saved me
143
1001001000100000
0000000000000000
0000000100000001
0000100000001000
4000000000004040
0010000000000010

my choppa
154
1001001000100100
0000000000000000
0000100100001000
0000000000000000
0040000000800060
0000000000000000

nightmare
157
1001001011010110
0000000000000000
0000000000000000
0000100000001000
0000000030303080
0000000000000000

mad
135
1000011000100010
1000001000100000
0000100100001000
0000000000000000
0000060000060030
0000000000000000

disrespectful
158
1000001000100000
0000000000000000
0000100001001000
0000100000001000
4000004000600000
0000000000000000

run up the racks
153
1000001000001010
1000010000010000
0000010000000100
0000100000001000
8888000000000040
0000000000000000

sill serving
116
1000001001100010
1000001000100010
0000100000001000
0000000000000000
4000004000060030
0000000000000000

darth vader
151
1100001000110101
0000000000000000
0000100000001001
0000100000001000
0000000000000000
0010000000001010

out west
140
1000000100100100
1000000100100010
0000100000001000
0000000000000000
4000060000000600
0000000000000000

gang gang
123
1001001000000101
1001001000000100
0000100100001001
0000000000000000
0000008000000080
0010000000000010

what to do
118
1000000000100010
1000000001100100
0000000000000000
0000100000001000
0008000000000000
0000000000000000

highest in the room
152
1000001000110010
1001001000100000
0000000000000000
0000100000001000
0000440040004040
0000001000000000

runnin
143
1000001100001010
1000001001100010
0000100000001001
0000000000000000
0004400000440000
1000000010001000

in my lap
130
1001001100001010
1001000100100000
0000100000001000
0000000000000000
0400000000004000
0000000000000000

slidin
153
1010001010100010
0000000000000000
0000000000000000
0000100100001000
4040000000460044
1000001000000000

many men
156
1000001100000001
1000001100000001
0000100100001000
0000000000000000
0000000000000000
0000001010001000

snitches and rats
146
1111000111100000
1001001010010010
0000100101001001
0000100000001000
0000000000004000
1010001010000000

my dawg
140
1001001000100100
1001001000100100
0000100100001000
0000000000000000
4000000006004000
0000000000000000

brand new draco
155
1000001000001011
0000000000000000
0000000101000000
0000100000001000
0000000000000000
1000000000000010

no opp left behind
178
1000001000100001
0000000000000000
0100000001000001
0000100100001000
0000000000000000
0000000000000000

said n done
160
1000001000000011
1001001000100100
0000100000001000
0000000000000000
0000000000000044
1010001000001010

stargazing 1
150
1010001010100000
1010000000100100
0000100001001000
0000000000000000
0000000000000000
0000001000000010

stargazing 2
165
1001101100100100
1001011100100100
0000000000000000
0000100000001000
0000800000000080
0000001000001000

carousel
140
1010001000001010
0000000000000000
0000100000000000
0000000000000000
0000000000000000
0000000000000000

sicko mode 1
155
1000001000000100
1000001000100100
0000100000001000
0000000000000000
0000008000600044
0010001000000000

sicko mode 2
155
1001001100100100
1001001100100100
0000100001001001
0000000000000000
0000000040000000
0000000000000000

stop trying to be
152
1010001001000100
1010001001000010
0100000000000000
0000100000001000
0000080000000044
0010000000000000

no bystanders 1
147
1001000000100100
1001001100100010
0000100101001000
0000000000000000
6000006000400000
0010000000100000

no bystanders 2
147
1000000010001000
1110000110100000
0000100000001000
0000000000000000
0404004000404640
0000000000000000

wake up
152
1010000000100100
1010001000100100
0000000000000000
0000100000001000
0000000006000000
0010000000000000

5 percent tint
144
1100001000100000
0000000000000000
0000100000001000
0000100000001000
0000000000400000
0010000000000000

nc-17
136
1010000101100101
0000000000000000
0100000101000001
0000100000001000
6600000000000040
0000001000000000

astrothunder
152
1000001000001001
1000001000001000
0000000101000000
0000100000001000
0040000000400000
0000000000000000

yosemite
129
1001001000100100
1001011000100011
0000000101000000
0000100000001000
0060000000600000
0000001000001000

cant say
147
1000001000000100
1000001000100100
0100000000000001
0000100000001000
0008000088000000
0000000000000000

who what
140
1000000000010100
1001001000100101
0000000011000000
0000100000001000
0000000000000068
1000100000100000

butterfly effect
141
1100010000100101
1100000000100000
0000100000001000
0100000101000000
0000000000000000
0000001010000010

houston
160
1000000000100100
1010000000100000
0000000101000100
0000100000001000
0000000000060060
0010000000000000

10 am
136
1000000100100001
1000001100100000
0000100001001000
0000100100001000
4000000000000000
0000000000000000

overdue
152
1001001100000000
1001001100010100
0000100100001000
0000000001000000
0000000000000000
0001001000100000

dont come out the house
150
1101000100100100
0000000000000000
0000100001001000
0000000000000000
0040400000000000
0000000000000000

space cadet
109
1000001000100000
0000000000000000
0100000001000000
0000100000001000
8040000880400008
0000000000000000

10 freaky
176
1000000000000000
1000000001100010
0000100101001001
0000100000001000
6040000040400030
1010001000000000

up to something
114
1000000010001010
1000000010011010
0000100000001001
0000000000000000
0000000600004066
0010000000010010

lesbian
121
1101000001100010
0000000000000000
0000100100001000
0000000000000000
0008080880000866
1000001000001000

no more
164
1010001000001011
1000001000000000
0000000000000000
0000100100001000
0000000000000000
0000001100000010

no complaints
124
1000001000100000
1001001000100101
0000000101000000
0000100000001000
4000000000000000
0000000000000000